01 01 01 01 01 01 01 01 01 01 01 01 01 01 01 01 01 01 01 01 01 01 01 01
01 00 00 00 00 00 00 00 00 00 00 00 00 00 00 00 00 00 00 01 01 01 01 01 
01 00 00 00 01 01 01 00 00 00 00 00 00 00 00 00 00 00 00 00 00 03 01 01 
01 00 00 00 00 00 00 00 01 00 00 00 00 00 00 00 00 00 00 00 00 00 01 01 
01 00 01 00 00 00 09 01 00 00 00 00 00 00 00 00 00 00 00 01 01 01 01 01 
01 00 01 00 00 00 01 00 00 00 00 00 00 00 00 00 00 00 00 00 00 00 00 01 
01 00 01 00 00 01 00 00 00 00 00 00 00 00 00 00 00 00 00 00 00 00 00 01 
01 00 01 00 01 00 00 00 00 00 00 00 00 00 00 00 00 00 00 00 00 00 00 01 
01 00 00 00 00 00 00 00 00 00 00 05 00 00 00 00 00 00 00 00 01 00 00 01 
01 00 00 00 00 00 00 00 00 00 00 00 00 00 00 00 00 00 00 01 00 00 00 01 
01 00 00 00 00 00 00 00 00 00 00 00 00 00 00 00 00 00 01 00 00 01 00 01 
01 01 01 01 01 00 00 00 00 00 00 00 00 00 00 00 00 01 09 00 00 01 00 01 
01 01 00 00 00 00 00 00 00 00 00 00 00 00 00 00 01 00 00 00 00 00 00 01 
01 01 03 00 00 00 00 00 00 00 00 00 00 00 00 00 00 00 01 01 01 00 00 01 
01 01 01 01 01 00 00 00 00 00 00 00 00 00 00 00 00 00 00 00 00 00 00 01 
01 01 01 01 01 01 01 01 01 01 01 01 01 01 01 01 01 01 01 01 01 01 01 01 