01 01 01 01 01 01 01 01 01 01 01 01 01 01 01 01 01 01 01 01 01 01 01 01 
01 00 00 00 00 00 00 00 00 00 00 00 00 00 00 00 00 00 00 00 00 00 00 01
01 00 00 00 00 00 00 00 00 02 00 20 00 02 00 00 00 00 00 00 00 00 00 01
01 00 00 00 00 00 00 00 00 02 00 00 00 02 00 00 00 00 00 00 00 00 00 01
01 00 00 00 00 00 00 00 00 02 02 02 02 02 00 00 00 00 00 00 00 00 00 01
01 00 00 00 00 00 00 00 00 00 00 00 00 00 00 00 00 00 00 00 00 00 00 01
01 00 03 03 03 00 00 00 00 05 05 05 05 05 00 00 00 00 00 03 03 03 00 01
01 00 03 30 00 00 00 00 00 00 00 05 00 00 00 00 00 00 00 00 31 03 00 01
01 00 03 03 03 00 00 00 00 05 05 05 05 05 00 00 00 00 00 03 03 03 00 01
01 00 00 00 00 03 03 03 00 05 05 00 05 05 00 03 03 03 00 00 00 00 00 01
01 00 00 00 00 03 00 00 00 00 00 00 00 00 00 00 00 03 00 00 00 00 00 01
01 00 00 00 00 03 00 00 00 02 02 02 02 02 00 00 00 03 00 00 00 00 00 01
01 00 00 00 00 00 00 00 00 02 00 00 00 02 00 00 00 00 00 00 00 00 00 01
01 00 00 00 00 00 00 00 00 02 00 21 00 02 00 00 00 00 00 00 00 00 00 01
01 00 00 00 00 00 00 00 00 00 00 00 00 00 00 00 00 00 00 00 00 00 00 01
01 01 01 01 01 01 01 01 01 01 01 01 01 01 01 01 01 01 01 01 01 01 01 01